-3.924478178414981810e-01 2.558531825746327912e-02
-1.609973932603196767e+00 -6.375406821472137109e-01
2.976930200162978407e-02 1.668066686646120511e-01
-7.105774678015491785e-01 2.042170077002382900e-01
4.965988830608902838e+00 4.280530792396142203e-01
2.228093386941301102e+00 3.294773212103384585e-01
3.393697030809806892e-01 2.409827315997125352e-01
2.429691040745210362e+00 1.649999213444295787e+00
-1.353812716221173273e-01 1.133186192525593938e+00
2.065628114033971757e-02 7.867920901299730874e-01
-7.776753261176204690e-01 2.736858082128217906e-01
-9.191374097405673460e-01 -5.844785857672441659e-02
-4.779423208838108339e-01 7.065409671540081593e-01
-5.903923258723966505e-01 4.011182101745545125e-01
-1.113265280364387655e+00 -1.037624180836042714e-01
-7.705149409816590689e-01 4.648912704611425917e-01
3.715110414587740606e-01 -4.584032486341432788e-01
1.647754542660810451e+00 8.395795687657010564e-01
3.278357634032910806e+00 -3.784393561098332581e-01
-6.705255229888799073e-01 2.845748113293822823e-01
-2.901011552092322976e-01 1.131439559723141086e-01
6.149665637043060684e+00 -8.549091029867218472e-01
1.202711002580846511e+00 -3.462951274900442078e-01
1.803915806441808434e-01 2.963466066414415789e-01
1.209201461896287633e+00 -1.593442050388041431e-01
4.623030181890203649e-01 2.586474454654005273e-01
1.157427449915818141e+00 -5.049697108226377379e-02
-7.282678189357441045e-01 4.587655687774246371e-01
5.251552462758582784e+00 -1.057680414446146244e+00
-1.032475405360094189e+00 -3.752202172993136797e-02
5.153352794496136591e-01 9.688086278915425398e-01
-6.400652295491955357e-01 7.073803888539839657e-02
3.818665478670930202e+00 -9.490901060297814995e-01
-5.798624599709532035e-01 -1.141359044467092770e-01
-2.708250516559532195e-01 5.635420863822998561e-01
-9.361062296246721592e-01 1.671738348146558084e-01
-1.170546489638857102e+00 -9.545682037409237986e-02
-1.586249910255250528e+00 -6.409805918168814953e-01
1.641808374931023051e-01 1.096388301095077705e-01
-1.576654195989267260e+00 -6.423719406280911093e-01
-8.208786216765813215e-01 1.630181355541291677e-01
1.337322450804345753e+00 2.327315597044669615e-01
1.400156690563123529e+00 1.264151966667311555e+00
3.381074771650563471e-01 3.770038920151859707e-01
-6.196976275106167442e-01 -7.375516512046835504e-02
6.405736165918868297e-01 1.691981103372171558e-01
-1.599854617374923071e+00 -6.390079514742116329e-01
-1.347117838223433062e-01 3.094908054849803136e-01
-1.611068879763818407e+00 -6.373819182044743181e-01
-2.103130628885170328e-01 1.567375729535461781e-01
-6.876570210406356409e-01 2.450615729165005197e-01
9.489448783019308609e-01 -3.048316407569143238e-01
3.404085721280163401e+00 3.300291113564926437e+00
-3.355571019515717346e-01 7.226268013287512337e-01
8.626842344350986735e-01 9.765793574689616285e-01
2.897706965840435300e-01 4.065630495795866106e-02
-4.932190006180328656e-01 3.619244862406683083e-01
-2.193760113532920025e-02 8.926513546680280298e-01
2.578136450661798196e-01 4.075218568110521300e-01
6.781019175376339803e+00 -1.871526194117084430e+00
-1.788565486633710566e-01 6.464322482361396782e-02
-1.078524832113408882e+00 -1.087996753460717808e-01
8.972932484098071482e-02 1.378480301989451207e-01
2.044147640482513406e+00 -5.166477055558087450e-01
-5.494587720278204523e-01 1.962010074854163566e-01
2.909078247732879152e+00 -1.733251143971041019e-01
2.688044770430245478e+00 6.883176300296878214e-01
-1.597498746916363288e+00 -6.393495453848913046e-01
1.450829221992973928e+00 -1.374452327751048752e+00
-9.555341828793607606e-01 6.759300656515687677e-02
1.998641173559760675e+00 2.636113518700179625e+00
3.161061623558466760e+00 -9.823545353828774251e-01
-3.275803647755469727e-01 1.930644500949856568e-01
9.505551161755854128e-01 -1.429682504301221235e-01
-4.256586114511612395e-01 1.238635103941624072e-01
1.034170985221361416e+00 8.432574301014841289e-01
3.872005383648975396e+00 -5.650993887007434990e-01
3.047653262192900669e+00 -2.477398757159076759e+00
-3.588274252083635263e-01 8.162838380560631657e-02
1.540235547015392337e+00 -5.186906410286169777e-02
-1.613027623999851112e+00 -6.370979063645293428e-01
9.245980321525416601e-01 -6.990694003374106069e-01
3.048516545876779893e-01 1.859099859417310818e-01
-4.341737511696559526e-01 2.413201794573239245e-01
3.305104075568772448e-02 9.139727119374333464e-01
4.843651298988774556e+00 -7.827731208386776718e-01
-1.598821130129591150e+00 -6.391578039198279049e-01
-7.711011227963229242e-01 2.174204048778877532e-03
2.716192383347521555e-01 1.512832056254537205e+00
-1.616804819312961827e+00 -6.365502247576234618e-01
3.125037125028887197e-01 3.004373743193790997e-02
-5.036117582972196027e-01 7.353668490923219725e-01
8.012559819351249280e-01 6.785335594283976590e-01
-2.772787311022676393e-01 9.830741683647867962e-03
-1.615091835192701275e+00 -6.367986021429105081e-01
-1.597237177449693402e+00 -6.393874721464029021e-01
8.830287392025336635e-01 3.949768947166152899e-01
-1.611890883871936797e+00 -6.372627301579217862e-01
5.330285416100399160e-02 4.331854040309094378e-01
-5.575872452238768151e-01 7.208629449712816717e-02
-1.612619890531927336e+00 -6.371570264529523575e-01
-1.010691973262384469e+00 -7.899714109188832323e-02
-1.149624997855801301e+00 -9.849037180280441339e-02
-7.809465714090078892e-02 7.793697581476030090e-01
3.769469477069114394e+00 -1.722295447335112861e+00
1.548428863011958478e+00 -6.167638746838466357e-01
2.302089814708736970e+00 1.481786044639840649e-01
-6.991487827027340618e-01 2.025598838025108317e-01
-1.617676370604351321e+00 -6.364238525231479260e-01
5.535916010869594839e-01 3.673981225583822230e-01
1.227618689497765647e+00 8.757379821624291516e-01
-7.774947414994365369e-01 -1.417453390150497650e-01
-7.750613229722338460e-01 2.298372680620507924e-01
1.030800357570497150e+00 4.747937061569081352e-01
1.794447211861407876e+00 -4.766133855989794221e-01
3.763761791653053579e-01 1.387240573380384978e-01
4.360089749466475872e+00 5.004660015294140063e-01
1.325378490397362885e+00 -2.037772192903924279e-02
1.135232098188829891e-01 7.171129075667095343e-01
-8.280835513771053202e-01 -5.328476098756560614e-02
-7.995723521989803739e-01 2.002276305683676483e-01
-7.478620169465617362e-01 4.616066667252450850e-01
1.994580119359267378e+00 1.859258184626630950e-01
8.858614170954057787e-01 1.739928968758695182e+00
-7.725903863947389816e-01 1.794507904131297307e-02
2.917841812525225009e+00 -4.450124493192177122e-02
-1.616710429926047299e+00 -6.365639109260142758e-01
5.495773089783891896e-01 4.954563544370370609e-01
3.870876076552501655e+00 9.813777004107158142e-01
-5.636054541234258863e-01 1.833788134189048846e-01
-1.585690815962928824e+00 -6.410616587554557322e-01
-5.471248034960451284e-02 4.626751654708384787e-01
-1.602751634234710565e+00 -6.385878930135081566e-01
-4.434923424451383545e-01 5.344060243427461998e-01
-4.921565543120114961e-01 4.615260228896330696e-01
1.273871338497129857e+00 -2.683999729463468209e-01
8.781309484907318108e-01 5.542867824622429440e-01
-9.082152179853757445e-01 1.631297246200311690e-01
-6.069093654102655777e-02 7.249288511316159811e-01
-1.061947276887978298e+00 -3.324869175388069087e-02
1.133761911662401145e+00 5.622862680370260824e-01
4.199096357847976968e+00 9.043576890275101254e-01
2.507146896525993540e+00 -4.475096236815822581e-01
5.420573700603132927e-01 7.086090797705810740e-01
8.063931015052415718e-01 7.397792196709838120e-01
9.068276710050755529e-01 -9.447098962147200407e-02
5.672536197594243434e-01 5.160148708314363786e-01
2.282730050768902785e+00 -4.198594892616939189e-01
-4.701505750661704175e-01 1.077232178475797525e-02
4.621817536402514359e-01 -1.239355019607320529e-01
2.188673743217449896e+00 1.489138888473612976e+00
-7.024645415608731236e-01 2.878843708060492279e-01
2.297576319229597264e+00 2.543128878343815513e-01
-1.170929712061047789e+00 -9.540125431128933242e-02
2.082381061320643489e+00 1.425489104352526681e-01
5.087891165219423639e-01 -8.055682302927036353e-02
-1.596636219038253479e+00 -6.394746092524240533e-01
-3.271612181705008671e-01 6.075921460955884673e-02
-6.427268351385878598e-01 2.827147942119032642e-01
-1.168322572736406051e-01 4.784538759525930884e-01
-9.487505243896816598e-01 1.690072183442430931e-01
3.141702932935591885e+00 2.564447231935109150e-01
-6.772975580328193246e-01 3.393321102917493670e-01
-1.145677284523967387e-01 1.689498138715616049e-01
-1.611009455184634120e+00 -6.373905345841740511e-01
1.927422728896944770e+00 -4.392893530464124785e-01
1.624586182664159217e+00 -7.453320410202458612e-01
-1.130853232124594543e+00 -1.137641661790827902e-01
1.147021593851244248e+00 3.156799284661868099e-01
-1.618004407593551131e+00 -6.363762881769924329e-01
4.318134462533516071e+00 -2.016803439761896133e+00
3.059430565697225823e+00 -2.754647073956938419e-01
-6.066129243782284464e-01 1.986745042096045022e-01
4.012361365276531977e+00 -8.311528333202786722e-01
-1.131291800287325344e+00 -1.011486285969854376e-01
1.147249311441373321e+00 1.076825766793207739e+00
-1.617287656631296144e+00 -6.364802148437963547e-01
1.340111588116057240e+00 1.652635884197373867e-02
7.375753909271369757e-01 5.624029662231799787e-01
1.036748546092620238e+00 4.849355354647864047e-01
5.368739746911551647e-01 4.252888367174297302e-01
-8.983353358361967356e-01 1.742491189055429823e-01
-1.147355505334947123e-01 3.625393426106720551e-01
-1.616992008160550887e+00 -6.365230829552160907e-01
4.989151499933748846e-01 8.379082856242274502e-02
1.580185043150831026e-01 5.111563335857527424e-01
6.041993160837643151e-01 2.741459019978603057e-02
5.754560310067534656e-01 4.939371961568150837e-02
2.275246686095342974e-01 1.966419350131425048e-01
2.028769681070225150e+00 -1.908150592643561017e-01
-1.180014536824046889e+00 -9.408398289368831435e-02
2.965622615223289849e+00 -9.212070043862082003e-02
6.641468433227242230e-01 1.132208452295020651e+00
-1.145271612418476526e+00 -9.912159919089276461e-02
2.337562669477783572e+00 -5.182203552028034066e-01
4.974492719226496718e+00 -2.743733197846652150e+00
-1.767175175111568852e-01 8.821941425558164074e-01
6.051623531412126056e+00 -1.860348624411801044e+00
-6.177574826626123228e-01 7.055610335033941916e-03
1.376307239906236379e+00 3.727608493322576710e-01
5.764350363910103470e-01 1.909474963215611609e-01
3.992263845256414978e+00 -2.377582420835350874e+00
1.439549592026703628e+00 3.969345608618187748e-01
5.194732170987985675e+00 -2.596626434304385445e+00
5.096352150949245985e-01 4.483024381892026788e-01
1.444112183171247787e+00 3.785232580261983504e-01
5.012497925311137914e-01 8.975215492176272791e-01
-6.981444976070828590e-01 4.292938874833799323e-01
-5.937082210276746208e-01 2.653767731607667435e-01
-4.289889133752276540e-01 2.772996434236824070e-01
-5.806353927481834321e-01 -1.076319450700989888e-01
-1.053003493561159187e+00 2.953571936201239076e-02
3.216936708410083057e+00 -1.527646471649822590e+00
-2.036201204573156731e-01 1.091149080982568992e-01
-1.060396050065105650e-01 -7.774120953412862189e-02
-1.618512961683822526e+00 -6.363025494109847413e-01
3.170870940992525977e+00 1.436085549521142646e+00
1.300285268441454312e+00 4.827482778316684597e-01
-1.043541445406299673e-01 -4.127382884061833734e-01
3.648944872341309265e-01 2.343454099952013009e-02
-1.161507290870824161e+00 -1.093194227224636855e-01
-5.631244067653465857e-01 4.235898387518130526e-01
-1.093087102046921277e+00 -1.192401379234512143e-01
-5.541713973506819935e-01 -8.549369931343128726e-02
-2.655746382110018011e-01 4.629052074827084695e-01
1.776388335969705023e+00 4.959435753428722560e-01
1.439162442994135205e+00 4.950847961979236156e-01
-1.577408428629248238e+00 -6.422625792342516737e-01
-1.610191181291079632e+00 -6.375091817611825418e-01
-8.675222867830258977e-01 5.549230415063440697e-02
-1.617931761410426272e+00 -6.363868216482616580e-01
-6.308563853714656000e-01 1.223735667748328815e-01
2.419658985297579612e+00 -9.555512497778293479e-01
2.065804217180464253e+00 1.673945070784012445e+00
-1.424799253654948639e-01 8.183014944469835239e-01
-1.617412576211783692e+00 -6.364621018920150197e-01
-8.306795171711583992e-01 3.064751446608978136e-01
-9.575166195798314739e-01 -2.016571702550518930e-01
-2.782859228445404634e-02 1.796276206161527000e-01
9.897842978886460585e+00 -4.610414274110527622e+00
-4.199597565707371971e-01 2.875512658685666079e-01
1.108709109872241472e+00 9.643082773335409641e-02
-1.033916519948696822e+00 2.676816737899518836e-02
6.047876976306002739e+00 -2.567387182771001086e+00
4.915517287249081962e-02 3.085188743023309366e-01
-2.469314419108600001e-01 3.572634281892114738e-01
-2.852299892912496873e-02 2.623551598181379507e-01
3.241322924821393947e+00 -6.350011608732252233e-01
-1.610761187640131764e+00 -6.374265326082221295e-01
7.423065420155354477e-02 5.650393644924767145e-01
5.174465930108671646e-02 -3.139063792799213215e-01
4.207429324930987424e-01 1.107661513667253850e+00
3.018894880279546999e+00 -2.523007307092994256e-01
-1.149963876367984694e+00 -9.844123546943707448e-02
-8.455145400217164986e-02 7.780598841915229436e-01
-5.651576736174274140e-01 1.409543402570601900e-01
2.303535949107726744e+00 -3.566448810875576247e-02
-1.611364185071556765e+00 -6.373390998506262006e-01
-1.457850570891236597e+00 -6.595980978442884668e-01
-2.204443906963777719e-02 2.158900218282353012e-01
5.202846691242249300e+00 -2.801394120391656362e+00
-1.608109823118259785e+00 -6.378109722417225624e-01
2.720279321256519722e+00 -1.329290182916475160e+00
2.316162795803776930e+00 -2.633978982456082196e-01
4.230191840459935904e+00 -1.017403177605597842e+00
3.059883950799928254e+00 -7.983872439709784885e-01
-1.608281677187961556e+00 -6.377860539345540092e-01
-7.220821080797451552e-01 4.827737499297388851e-02
-7.113815180910159075e-01 2.250960727877690526e-01
-1.148887271551430667e+00 -9.859733982916830952e-02
1.481209467801716528e-01 3.335705603111207562e-01
1.741637965283880485e+00 1.025861969164567400e+00
-5.878587555472971626e-01 -1.465411268395444729e-02
-6.855744747754739798e-02 3.386672324028729419e-01
-1.175844729064112526e+00 -9.468859208784947967e-02
-9.347592110264746346e-01 1.795304678537180954e-01
4.968649968638860770e-01 7.577579331113343253e-01
6.417705784152681614e-02 -6.077214390298479874e-02
-5.423421064392051072e-01 4.779181719129812350e-02
6.435722587157414187e-01 6.879445198300609965e-01
-8.728856588485470747e-01 1.203512084303653418e-01
4.748058716454900186e+00 3.503277226512216957e-01
-1.615947396231767419e+00 -6.366745484454342519e-01
-1.614165568033108622e+00 -6.369329080085958106e-01
-3.953965384354074519e-01 5.457979065955778086e-01
-1.050219305359274991e+00 -1.012765326961875822e-01
9.531607548225292659e-01 -5.337333308800458476e-02
-1.615224225902082367e+00 -6.367794059006083307e-01
4.385998171791187339e+00 -1.473442147414213865e+00
-9.771044913756206096e-01 1.856704021870049515e-01
-4.035418782466480558e-01 3.805375939546052910e-01
-6.529517942191457314e-01 5.661931854774174266e-02
-5.486770834925551732e-01 5.061879678042519037e-01
2.431143505499978041e-01 6.808780266367939760e-01
-7.875350334917000650e-01 1.984822566848517822e-01
-3.737856347721568717e-01 4.203909898459514127e-01
-1.612314445412367458e+00 -6.372013150480698718e-01
2.040073832910042295e+00 -1.282684073875636210e-01
-1.612241678976051196e+00 -6.372118659556790243e-01
-2.737181886964816790e-01 8.033931507451325116e-01
-1.171939263518791963e+00 -9.525487248064574974e-02
-1.611951146440059990e+00 -6.372539922724246297e-01
-1.612911083904951415e+00 -6.371148043168862740e-01
1.176930554865935008e+00 -5.822662955732370582e-01
1.441704175387700682e+00 -4.780895957199286506e-01
7.554409044429521991e-01 -1.751443508673529784e-02
-8.142692035000421713e-01 1.620597904150586355e-01
-6.590277354807398957e-01 2.850783742106432483e-01
3.020817874985496143e+00 -1.213852375646045312e+00
-1.127084220438647533e+00 -1.017587146268790349e-01
7.193931913048289273e-01 -6.493945231628116266e-02
1.678063382989314567e+00 -7.780021689524281303e-01
-1.616252099070636383e+00 -6.366303674787149314e-01
-6.830163340694433982e-01 1.651794141419866274e-02
2.397883702712913845e+00 -3.683000606439129632e-01
8.900821453372264047e-01 5.357167412778379711e-01
-3.026088385691616534e-01 3.415539663749772026e-01
-6.274162461092029908e-01 3.780796879369811569e-01
2.634284835503523770e+00 8.277600710999751810e-01
2.105373321656770713e+00 4.410516397895386520e-01
3.178920196474590010e-01 7.100617210376195532e-01
2.588279247643046621e-01 2.617335995670512783e-01
8.678927944989314192e-01 1.024578881707440381e+00
1.215098807219796129e+00 3.610019684622321479e-01
-7.945077385247867330e-01 1.479639918874458004e-01
6.152749255023658215e+00 1.118275328746517472e+00
3.968806441842542276e-01 1.044119433547524567e+00
-4.530573207503435507e-01 1.812985056937664041e-01
6.989362309558401876e+00 -2.780249758180142194e+00
-5.243117408828057435e-01 1.091833189986999159e-01
1.153793392186866162e+00 1.241700579107275271e+00
-9.987409153468794765e-01 2.166781379512345770e-02
-1.600192877684241344e+00 -6.389589047783427178e-01
-9.460339211215734734e-01 1.811652658534000093e-01
-6.554074427019994653e-01 2.823827365706028103e-01
-5.516409975860804282e-01 7.423309398452899721e-01
2.832218012086742398e+00 -8.608100481005720450e-02
-1.619855253776987913e+00 -6.361079212200703159e-01
-9.530130687112332577e-01 1.821772206108017156e-01
-9.789628634883722480e-01 1.859398603803390504e-01
-1.614726823784833565e+00 -6.368515276651111057e-01
6.771116821259668406e-01 1.624321376903220815e-01
-1.180005617043031307e+00 -9.408527623427433151e-02
6.280286173020737106e-01 -4.906684724111759488e-01
2.814882449859378077e+00 1.845513036800417173e-01
2.099654930111585216e+00 2.251173671931346321e-01
5.346332468715232072e-02 -2.116800949250316130e-02
9.632596388763192685e-02 5.928853695836386883e-01
-1.025806825873152750e+00 -1.917553021179086714e-01
-2.871633011468705532e-01 5.388249400198575900e-01
-4.163259777643005255e-01 5.962000916348804136e-01
4.485263371465962656e+00 1.492720015135110767e+00
-4.593612255528276012e-01 4.327991851298951254e-01
-9.778688967742187321e-01 1.857812385992970439e-01
9.078422922012852059e-01 -7.815147827721018181e-02
5.180899901544750996e+00 3.446373589848710228e+00
-9.474378715876839024e-03 6.435036561274191103e-01
-9.651218660663242466e-02 -1.341233789403414589e-01
1.475845140668476274e+00 -6.150872990149436337e-01
1.190767141354184266e+00 -8.717778172252542424e-02
-5.343362186053489671e-01 4.194156407439291745e-01
-6.873595013285379585e-01 2.605902936976420281e-01
-1.605260180175973828e+00 -6.382241616312999133e-01
6.071528014162687059e-01 1.303647716887847086e+00
-7.757476143209847130e-01 4.218526124692136697e-02
-4.988289854359189146e-01 1.888598454380886471e-01
1.535729589073905998e+00 1.006887092885894397e+00
-7.614388975077697186e-01 3.486255045214577408e-01
1.233048733344410453e+00 9.366984842887545737e-01
4.025086763265466772e+00 3.383271179525353944e-01
-7.827869494842739639e-01 2.309574599482849822e-01
-1.607403540830452782e+00 -6.379133809831959434e-01
9.884714164086878530e-01 1.608931778698519111e-01
-1.176340894920608671e+00 -9.461664957732209003e-02
3.032976122828279220e+00 -8.346442681618838622e-01
3.359542965629858657e-01 1.042383102024506014e+00
4.675896582527735212e+00 -1.098724893796645841e+00
-2.119401915752255894e-01 2.359193036356993789e-01
-1.616532311233723540e+00 -6.365897375840358086e-01
3.101383659092787556e-02 5.439556864311145823e-01
5.719298399856724835e+00 1.509645107061612812e+00
5.114560030995872753e-01 1.197986513497987376e-01
6.661574963586145426e-01 1.333528917041185702e-01
-1.593488751263230752e+00 -6.399309823191609015e-01
-1.615600634891678267e+00 -6.367248277644023124e-01
1.064845344018108708e+00 5.955275204120906718e-01
-1.613700423061599443e+00 -6.370003525869992744e-01
-1.608978279524666766e+00 -6.376850487559716507e-01
-5.540661866145228931e-01 2.065807098778354445e-01
-6.298322877897560845e-01 -2.851904524999544430e-02
8.746455106577559757e-01 2.312361820206348673e-01
-1.611799803313178403e+00 -6.372759365564909517e-01
-1.615202815941338743e+00 -6.367825102785215075e-01
-1.611331693484954197e+00 -6.373438110299237680e-01
2.907285551422657210e+00 -1.110828420522001148e+00
-1.576628438834756230e+00 -6.423756753356194560e-01
-5.843856296117326821e-01 2.742555003329598673e-01
-7.837221763464866653e-01 -1.646370800118051592e-01
-1.618226133168975567e+00 -6.363441386561511370e-01
6.693859906595897691e+00 -1.074908872683709049e+00
-2.677277089382335551e-01 7.381602487132993273e-01
-7.721377938827699294e-01 1.057430804404605740e-01
2.052064933611983388e+00 -1.524434170385244036e-01
-2.997867538156391842e-01 4.131535871698014395e-01
-1.063241031680571824e+00 -1.110157790120987614e-01
-1.132890526039614931e+00 -1.009168183207265895e-01
9.050989333564577466e-01 5.826389831425886623e-01
5.534108029308148602e+00 -8.054781219948516924e-01
2.960345304819005818e+00 7.838241332201670297e-02
1.846965569901186377e-01 7.373967261404977824e-01
-4.242873473663399397e-01 1.220300747202122116e-01
1.124906544178541773e-01 -3.303777486764784554e-01
3.192298149677566865e+00 -4.464130727056833670e-01
1.001198996682287845e+00 3.645709974631239914e-01
-1.613606939028331633e+00 -6.370139074819188840e-01
-1.618320747035149276e+00 -6.363304199389637761e-01
-7.986886093996651281e-01 7.193702667778388571e-02
-7.632135842481890808e-01 3.356701324518282514e-01
4.094615712019303855e-01 -9.677089593395342415e-02
-7.864714337835925217e-01 1.983280380255150466e-01
8.065827442310179451e-01 -8.323025579873203350e-01
7.677384424305538912e-01 1.825572818926614674e-02
-9.516620087241870474e-01 1.819813211024646216e-01
3.054127542285953290e+00 -1.374282649760798058e+00
5.215094470243827329e-01 2.004443551530757706e+00
-1.435274500458153246e-01 1.671090563789374428e-01
-9.318589743239988898e-01 1.665579959672607580e-01
-1.603481931908252056e+00 -6.384820021155775960e-01
6.613619412097194727e-01 3.109458549013448536e-01
-3.553862550475038184e-01 -1.277688537785274525e-01
1.723701878208515392e+00 4.417625379316494350e-01
-6.905444965504452526e-01 4.407438574571500012e-01
5.617359906452696894e-01 1.068275990931957520e-01
-1.602444193844946518e+00 -6.386324709166176783e-01
-1.612850695844105786e+00 -6.371235603984389817e-01
1.555424700832427343e+00 8.456212062948287311e-01
-6.743413726632724314e-01 3.389034725806188142e-01
-7.316997178811571745e-01 2.280421487483828280e-01
-8.532778400696512389e-01 -6.892188224913375905e-02
2.381853577968338631e-01 -2.324438598758836461e-01
-1.613545266154533753e+00 -6.370228498573652365e-01
-3.526776155109165312e-01 1.969628898481422252e-01
7.549228474611043849e-01 5.639106002103296822e-01
1.295366319426726420e+00 1.543291140618368029e-01
-3.397150886936233793e-01 3.674137865008981763e-01
-1.618408374508884862e+00 -6.363177142270145525e-01
7.688261649424974475e-01 6.757283077474650623e-01
9.393001341494251477e-01 3.772579934709189842e-01
1.493071721953107278e-01 -1.348843549018315102e-01
-9.140045522444415482e-01 1.765211066927870054e-01
-6.109340341617438552e-01 -8.514504376672069400e-03
-9.018529757690849635e-01 1.496552726701278480e-01
5.343977361433788209e-01 -1.748940268056930203e-01
9.503830257089430911e-03 -1.062758507135878189e-01
-1.615199572984526544e+00 -6.367829804972023888e-01
1.569751233075159291e+00 -7.469965120508952339e-01
5.354652186650414869e+00 5.823182438496951052e-01
-5.097861484804386834e-01 3.863557429856706582e-02
2.664367644045584904e-01 -4.008207824847444256e-02
3.414357930426164422e+00 -6.008678915112987927e-03
5.001552877138741415e+00 2.912638557568708042e-01
-9.681935279211332235e-01 5.621587619470939934e-02
-1.611117364552662190e+00 -6.373748880604487299e-01
2.085957547015211855e+00 -5.237026139889739210e-03
4.065121305910123217e-01 1.058577827184977282e+00
-5.647076886860814549e-01 1.153044468808303163e-01
-1.317639010390109222e-02 5.568199238394117706e-02
2.833237098499457041e-01 8.774245348158036251e-01
-1.859499200010102382e-01 7.710348637219109624e-02
1.186203054663730994e+00 6.911823820054459055e-01
-1.604217782737630937e+00 -6.383753060272713276e-01
5.068236479432889352e-01 -2.187699256918026747e-01
1.596103038038218846e+00 -6.584616371854046246e-01
2.429084962669900705e+00 2.269468813920032524e-01
-7.982390074414881243e-01 3.017713713516594343e-01
4.015562628273476320e-01 2.500227910750048022e-01
2.799430614079368773e+00 1.300776410174249387e+00
-6.257341403658763790e-01 4.062426636772823452e-01
-3.794418727807089553e-01 1.948037968369668582e-01
-3.446435705726304533e-01 8.174377818240383033e-04
2.818010543678960977e-01 2.479290199809042472e-01
-1.025770597899967163e+00 -3.849419801930954732e-02
-7.011951937758335029e-01 9.017203939562094817e-02
6.196099581607380502e-01 8.071724057654534601e-01
1.127121752717755054e+00 7.062357210707479460e-01
1.160150149598812686e+00 8.819184368404303642e-01
1.981958669915621224e-02 5.339514617001258623e-01
2.255294281854818284e+00 1.067007610064610867e+00
-9.011116095350483191e-01 1.620997234237993578e-01
-1.610566077623823977e+00 -6.374548229555291323e-01
-1.615681916701243948e+00 -6.367130421540790897e-01
-9.820339140029289426e-01 1.863851531812867057e-01
4.197306833570445761e+00 7.151433032689827329e-02
4.029017589858116533e-01 6.235156661408038925e-01
-3.075710007157804182e-01 4.004088331020857483e-01
-3.588274252083635263e-01 8.162838380560631657e-02
2.680622183058325003e+00 -5.543631828505136694e-01
2.356609309573890199e-01 8.553003663557663394e-01
3.338986184843450999e+00 -2.315980635246965742e-03
-7.642088269378709553e-01 4.639769034807417203e-01
1.590537609566926358e+00 3.745552136458608072e-01
-2.034574081953774427e-02 8.724218838517740215e-02
6.310996862604375757e+00 -8.728504014213250839e-01
2.104210931231281112e+00 2.187312850034255907e-01
-6.137711952230427981e-01 2.525632158574938613e-01
2.833838543782902342e+00 -4.772306959443826657e-01
-3.466667335447398135e-01 8.295423237434793595e-01
-1.606852926657367453e+00 -6.379932183307787108e-01
-1.579975714063751147e+00 -6.418903308076812086e-01
-1.605469366069343318e+00 -6.381938303254696132e-01
3.198031303730059616e+00 -5.423128712408135099e-01
-5.051000744266878062e-01 7.104787571985656802e-01
1.000147266462779738e+00 6.391590399233784692e-02
-1.612377140256986863e+00 -6.371922244900235510e-01
-3.380404301534026268e-01 7.001290725775785040e-01
1.014122049461765096e+00 6.631897284918494284e-01
2.991840872183214817e+00 -1.089136462831575836e+00
-5.775791348219900812e-01 4.167013715834060883e-01
-4.957258239647443360e-02 5.199003422866140811e-01
2.997552712979540512e+00 9.082424445328221019e-01
1.815774974192728708e-01 5.832272762382318954e-01
-1.614979981411428289e+00 -6.368148205943243712e-01
-8.592288702182127036e-01 2.082168910948347107e-01
-2.462197583456153527e-01 9.821176266074477246e-01
-8.995900387278638055e-01 -6.128216675503395799e-02
4.154827585807148727e-01 -1.265749511786712633e-01
-4.201097656425718530e-01 7.107073725476481529e-01
2.665412328466025382e+00 -3.917138001762007771e-01
-1.148547180321650929e+00 -9.864665200282636548e-02
5.475905649362203254e-02 6.840321669305023111e-02
-1.610380564004854520e+00 -6.374817218549816422e-01
-4.551778098178887455e-01 5.205285206571302892e-01
-2.236534141371728512e-01 -4.473806048086499502e-03
4.217880718083538150e-01 9.037572556234043653e-01
2.697112569881039423e+00 1.028506285819752730e-01
-1.616962422150889367e+00 -6.365273728348675997e-01
3.668418690667619941e+00 -1.342771932605946850e+00
2.906136457801811623e+00 -1.185458685882852858e+00
6.796458239212842534e-01 4.990908267548195831e-01
-4.308530528851114427e-01 1.641301269190447443e-01
3.088120172484800641e+00 -9.150983327874886442e-01
-1.589478131867885669e+00 -6.405125096941172158e-01
9.512626076777132011e-01 1.369364085793478791e+00
7.561533505642044073e-01 1.240894513702471974e-01
-1.599579149212229101e+00 -6.390478935035454056e-01
-5.805108492463192937e-02 5.063044014752341448e-01
-5.785376648582036818e-01 1.681782863566618491e-01
-4.063612651535143394e-01 8.854654418242620395e-02
-9.170522299635212038e-01 1.644110639523229389e-01
4.533890651092761237e-01 3.541542748274597585e-01
1.614209999040056243e+00 2.749944144641656152e-01
-1.045701940975209521e+00 -1.019315365230364367e-01
1.380360830411780648e-01 5.696612209067705157e-01
-7.254683472705742986e-01 4.458077075088932584e-01
-8.227377633072522345e-01 3.053236149788772780e-01
-8.798064198751284204e-01 -7.088899857071494226e-02
-6.106903420322953302e-01 2.765596452310525866e-01
-1.617657913131147929e+00 -6.364265287995237719e-01
4.682783983487857071e-01 1.372897175288587679e-01
-1.577194973854638693e+00 -6.422935295146233736e-01
2.986717547383285432e+00 -1.847718763376604845e-01
4.886884193148356981e-01 6.096374512721053351e-01
9.687046912820138633e-01 8.999007893383301759e-01
4.702711930663761031e-01 7.847974992688780960e-01
1.144332838666806129e+00 -6.586845004326055686e-02
1.111117464303536771e-02 -1.203208181563978074e-01
1.519576257990218782e+00 3.131906492275556286e-01
-1.047298831458640889e+00 2.870856104792747152e-02
-1.117971654978247992e-01 1.524285556287983123e-01
-8.194787929198024679e-02 1.039233067026398560e-01
-3.772545023621359239e-01 1.093967799232399563e-01
-3.410290767698456738e-02 1.016103322605593995e+00
5.347247156824129988e+00 -2.512521361589117763e+00
-6.208082435880722949e-01 4.319538162072298904e-01
-7.489181557966892999e-01 1.023763049246124157e-01
-8.999304496807669640e-01 1.368245657907361801e-01
-4.720621435687985534e-01 4.103860929823373582e-01
3.821413742985024342e+00 5.023498211778162359e-01
6.006559422670797871e-02 2.296429689342519009e-01
-1.602708395487794979e+00 -6.385941624977228281e-01
-4.991700397981874149e-01 1.889092972629705380e-01
-1.614021139788482939e+00 -6.369538496561787388e-01
4.872000386392111859e-01 2.502352011728404824e-01
-1.616844756776947500e+00 -6.365444339491960202e-01
-3.893333363525051660e-01 6.213842496623968037e-01
-5.156124608992658231e-01 3.158882726105295413e-01
-6.551891934482767521e-01 4.158109964422929128e-02
-2.314500795928781662e-01 4.017434864116996573e-01
-3.143879865290144515e-02 4.449316341724930401e-01
1.024996968905652839e+00 1.113656627561523949e-01
-1.616973504077350299e+00 -6.365257659898971854e-01
2.982502472276891137e+00 1.988459311151391518e-01
-1.593033834137432159e+00 -6.399969438916540687e-01
3.182062434633461390e+00 -6.639301007877419503e-01
6.588693891786604695e+00 -4.322406977051486798e+00
5.168932993005175280e-01 3.604395348549647715e-01
1.094546344622550960e+00 1.013070451150469786e+00
-7.218908917913091638e-01 4.327370409999308221e-01
1.706623940004480811e-01 3.239854421047906330e-01
1.796013616717173855e+00 2.557817189247090228e-01
6.439198490559719934e-01 1.510200956285301377e-01
-1.175141679728177291e+00 -9.479053206132732889e-02
-1.590048696326388011e+00 -6.404297796170171919e-01
-1.612869722428120323e+00 -6.371208016027604115e-01
3.455010440640776004e+00 -3.037179037572915963e+00
-1.581010695705701075e+00 -6.417402616791897385e-01
1.943296955605682497e+00 4.677675253787051332e-03
7.170869374555310927e-01 3.165801215612539243e-01
5.546054159024145225e-01 9.226357461260422665e-01
1.929256381428578138e+00 -1.981808338216546617e-01
-4.695971231990933026e-01 5.646165288852790232e-01
2.399953755208001471e+00 -1.076659432476886752e-01
-1.609490661131214084e+00 -6.376107550119735068e-01
1.744282339676217264e+00 -2.798183764995029188e-01
-7.149732573069097485e-01 -4.193851140349558887e-02
1.608724396188802253e+00 1.679284037384987549e+00
-6.181282900930763491e-01 5.157001844095140952e-02
-1.613902177368565338e+00 -6.369710988381512839e-01
-1.189634410464669445e+00 -9.268913104807686987e-02
1.137592817384519783e+00 -5.509947122970006994e-01
-3.529916634968087163e-01 8.658852853773449376e-02
-1.145430392883676651e+00 -9.909857651583432736e-02
-6.928377115295119015e-01 -3.728063082920443638e-02
1.305241694936929653e+00 1.967815799473068145e-02
7.637469857079874913e-01 7.431890032877866981e-01
-3.309256078826757208e-01 3.091240013295919881e-02
8.013046466810802571e-02 7.994169561153534331e-02
-1.615318677778857959e+00 -6.367657106713814352e-01
-2.001020214174792367e-01 -1.191408656680034428e-01
-2.696366411566923985e-02 7.498983578184696686e-02
3.769098288490992488e+00 -2.106928933138946469e+00
-6.112806574928779657e-01 5.838387028118762201e-01
-6.590653889596170822e-01 2.829131274342664981e-01
2.021330731855083052e+00 1.062262668313408653e+00
-6.261708133174059832e-02 7.110626066790134425e-01
-1.613973805249529825e+00 -6.369607130175373166e-01
-9.330754363433422238e-01 -1.168651481939921438e-01
2.752226286938905808e+00 5.568347644302908961e-01
-5.668939702901900635e-01 2.605641996499062363e-01
-7.400812983263770350e-01 1.201590537961653299e-01
5.879260966618580220e-01 7.902187914291741722e-01
-3.612320308570887151e-01 5.952425918795074544e-01
3.686198506046543116e-02 4.493971519687975924e-01
6.590228393513376304e+00 -1.921660392167651166e+00
3.309999869241903703e+00 -8.350926146552116736e-01
-2.050019776785929893e-01 4.184909855345544938e-01
-7.754365924002736277e-01 4.656048946542631350e-01
-9.583117684414845794e-01 1.829455156398415994e-01
-1.591755238287359875e+00 -6.401823363248492216e-01
-5.123792914468185966e-01 6.084756502846703219e-01
-8.395539045263704647e-01 1.531740470947076105e-01
2.486446762173548208e+00 -1.158780484247592946e-01
-1.546358939085867412e+00 -6.467646589301835336e-01
1.452329548781979562e-01 3.502617160980074917e-01
3.562340804066584377e-01 3.348794194605081986e-01
-6.852258916415817636e-01 1.836477483884079442e-01
9.564564265956828626e-01 5.674636782626103493e-01
-5.097197989792411343e-01 3.141092645980689824e-01
2.220420392880418259e+00 5.764490566602435001e-02
-1.177311353298475360e+00 -9.447593612202882796e-02
-2.828403419851326928e-01 2.020316466582401105e-01
-7.705672523524786932e-01 4.143412482635618760e-02
-2.547816841321421388e-01 6.887175621839043416e-01
9.207088657512574326e-01 -1.904852991605543167e-01
-1.610901991975102865e+00 -6.374061164163008497e-01
-1.609756010318456942e+00 -6.375722802027002922e-01
-1.083991302259535328e+00 -1.205590006855535717e-01
1.476484756494555184e-01 -7.927082848146586869e-02
-5.326505050844938527e-01 2.951564721759613111e-02
-1.176633283972376987e+00 -9.457425407154602948e-02
1.281844826181047226e-01 1.443227242414296951e-01
-3.150003123508769987e-01 1.719168994789936344e-01
-7.106123251444391720e-01 9.781320264801628139e-02
1.846630423642347640e+00 -7.985855742396620327e-01
-4.472347084817304697e-01 2.145424959994019498e-01
3.253063242077187667e-01 -4.220123151257394456e-01
3.281091792834364362e+00 1.105062723213942499e+00
-1.146067384320111460e+00 -1.115581612914804260e-01
-9.175630058339382389e-01 -5.867614226078716327e-02
-7.303983719146756037e-01 2.166230102301969496e-01
-1.605940688446695130e+00 -6.381254900423759535e-01
-1.192429115574727749e+00 -9.228390747380417480e-02
2.888815669451397783e-01 8.714905028066072257e-03
1.469513998541606359e+00 5.347934144487513919e-01
1.058457539147225956e+00 -5.118005236417653148e-01
1.671787599378883771e+00 4.643657915850313289e-02
-1.177835008572313935e+00 -9.440000773123442823e-02
-1.545062010628089455e+00 -6.469527095346446766e-01
-7.024381143116281701e-01 -2.327665705734452070e-02
-1.614806070436552776e+00 -6.368400371463643905e-01
4.907640532916073828e-01 3.606259201165760153e-01
-1.112483676730295912e+00 -1.289796413038076517e-01
4.103694877433216037e-01 -1.544236037935584893e-01
2.578598881650019603e+00 -7.123226298408109891e-02
-7.590341465487329131e-01 1.223410198507816626e-01
-9.564010439350594250e-01 8.790395307777911990e-03
-1.577126015448987895e+00 -6.423035282695953585e-01
-2.088866129354773615e-01 5.657920053967219198e-01
-1.604380505445589966e+00 -6.383517117392382145e-01
2.141103627603676784e+00 1.005029859826089389e+00
-7.557189073031767013e-01 4.627458914618791663e-01
-1.185973074517220116e+00 -9.322001340625436783e-02
2.119549859050574803e+00 3.125103274922397256e-01
4.848391721992119097e-01 5.927524507127551051e-02
-1.609803195366818152e+00 -6.375654385170138605e-01
-4.283975048641457395e-01 2.300260184476066450e-01
1.203235169350540090e+00 2.996201328675148767e-01
-3.961810282608895228e-01 3.789041553706974930e-01
-1.190037858248756075e+00 -9.263063237051995247e-02
-7.910058232309001847e-01 3.396999209175528001e-01
-1.430432489221770964e-01 -1.715821696521231399e-01
-3.639079375658888504e-01 2.440807098073314585e-01
2.579203378937331426e+00 -9.812524352110202353e-01
3.387427177316702842e+00 4.089572461808402837e-01
-1.582174740094633103e+00 -6.415714788526233336e-01
2.645269333427165748e+00 -1.484430333218197673e-01
-1.607214754829211500e+00 -6.379407543679299630e-01
-1.576690425270983908e+00 -6.423666874945931360e-01
-1.567457978032755772e+00 -6.437053637133088868e-01
3.910073605618530901e-01 1.902279587524945692e-01
2.472550742635498677e-01 7.140755740897780646e-01
-1.184188281125223008e-01 1.397798363530219357e-01
-1.616841674984072386e+00 -6.365448807996060276e-01
-9.757048508476565685e-01 -6.776237237010204056e-03
5.502571880927615844e+00 -8.327631633445936599e-01
-1.616113128845195090e+00 -6.366505177304421226e-01
-9.322106836792652951e-01 1.540570461745361108e-01
-1.022461874486209510e+00 -1.281590777333228570e-01
-1.021435338487249433e+00 -1.421813679982081580e-01
-1.607172129791056614e+00 -6.379469348662775152e-01
-1.118479877230623920e+00 -1.030063177090344145e-01
-1.615544971820861653e+00 -6.367328987370534099e-01
-1.605287782562818677e+00 -6.382201593708055620e-01
3.582052703800521487e-02 2.693349236731075180e-01
-1.598491880709931090e+00 -6.392055440646403630e-01
-9.471917882219460516e-01 1.813331529922816709e-01
5.521068835525661633e+00 1.298502910608675176e+00
-1.616552454037387454e+00 -6.365868169399696574e-01
-1.616306850290245567e+00 -6.366224287216609712e-01
-1.608605607667165760e+00 -6.377390850196130723e-01
-1.589061554566978174e+00 -6.405729121108970636e-01
-9.654165842245454598e-02 9.807138559263375854e-02
-2.582794478038266117e-01 2.716113661052144690e-01
-1.156766121557778818e-02 3.241801014245317969e-01
-5.828955685594708891e-01 -1.086934272996101652e-01
-9.694902037588297716e-01 -4.665468063812529265e-02
-1.611878024922285269e+00 -6.372645946657441440e-01
1.079655258134414098e+00 2.507406256195778838e-01
-8.772736088270274291e-01 -2.104846208396926252e-02
-1.608559559697821939e+00 -6.377457618323681965e-01
5.956127455717109553e-01 9.267787544563824698e-01
1.903853225803027627e+00 -1.640099183810413974e-01
-5.789036821513582343e-01 7.680014317164565729e-02
-1.105372393323407199e+00 -1.425627019034890752e-01
3.134958406032700928e+00 2.494127552993497865e+00
-1.609860666376752958e+00 -6.375571053987970638e-01
-1.572085514893811542e+00 -6.430343852189531750e-01
-1.603142220299266008e+00 -6.385312592453976643e-01
3.047315962326999084e-01 1.685085100775722822e-01
-1.595894107041897714e+00 -6.395822131905252173e-01
-1.594910610527373152e+00 -6.397248171352011292e-01
5.888451850916244235e-01 -5.225925601667427440e-04
4.603081727292277492e+00 -1.622095438759131591e-01
-1.609117159546025411e+00 -6.376649115835567594e-01
3.640267829644197484e+00 -3.744451463277658210e-01
5.177812519596489693e-01 7.049077107851914326e-01
-1.615332827615557409e+00 -6.367636589889401622e-01
8.102847283764796904e-01 -1.865968679705287681e-01
-1.617727493824540508e+00 -6.364164398147590385e-01
-7.841014306062195072e-01 1.707097953832903137e-01
-9.523507200241406734e-01 1.695292355466397893e-01
1.449833999791119599e+00 5.310783462250751041e-01
-3.456720644395115394e-01 5.086615652021625467e-01
1.085870071111795676e+00 2.617869768331101410e-01
3.152074439477448919e+00 -1.045197036520718742e-01
9.240554847608843936e-01 3.615860985768285657e-02
1.614089236565198204e+00 1.314449208471460073e+00
9.353389793574108380e-01 2.018571900058103996e-01
-1.615909868791836290e+00 -6.366799898078475684e-01
-7.870443143970878852e-01 4.672879783469874870e-01
-8.221642820512630179e-01 3.052404619751871162e-01
-3.128972583626813964e-01 1.208938064004325408e-01
1.878642771579470905e+00 1.283255443553406483e+00
-1.581536310177923843e+00 -6.416640492107051896e-01
6.993735164082408584e-01 9.981891036360723835e-02
-1.560720076560525804e+00 -6.446823385318140032e-01
5.133163924765882236e+00 -2.851852634440026346e+00
-1.182980676978471868e+00 -9.365390176962125335e-02
-1.615396805259993185e+00 -6.367543824288987020e-01
-6.537010626548587222e-01 3.330038525745783740e-01
-1.027125455609420257e+00 -3.829774785300056605e-02
5.018780927479844500e-01 1.539741640503867193e-01
2.334882414125086125e+00 5.365209295926853805e-01
-1.564873327391358204e+00 -6.440801300410275987e-01
-4.195852402915425938e-01 4.853562643442917990e-01
1.471056993962400972e+00 -3.083321537874637169e-02
-5.081043237980796823e-01 7.109143640409120168e-01
9.817783284969139324e-02 9.969235551897992487e-01
1.064367590051927825e+00 1.343880055084836433e+00
-5.370587074488273327e-01 5.479728571087640887e-01
-1.615688915486205079e+00 -6.367120273519636386e-01
-4.779579708781849234e-01 6.166973616899854571e-01
-1.590276542400121063e+00 -6.403967426429012511e-01
-7.719688773906226154e-02 1.710386324356463206e-01
-7.230585306757744135e-01 2.657665422464022820e-01
-1.617387217795887899e+00 -6.364657787836806024e-01
-6.355081475199472196e-01 4.141719836464973215e-01
-1.617063900294151368e+00 -6.365126588187893786e-01
4.890604993022986124e-01 7.234903422473371037e-01
-1.603288177576574158e+00 -6.385100958928174864e-01
-2.026465548893106594e-01 1.470681207177895189e-01
8.504036317343094398e-01 -2.308962144067283617e-01
5.143778445765324614e-01 4.754563333612196185e-01
3.241101745017473390e-01 -3.803848751163805275e-01
-1.052304418454755586e-01 -1.810472562839434210e-02
-2.562497801926709173e-01 1.016296460925403683e-01
-5.738772408620791410e-01 7.455551261632907822e-01
-1.573408256660516757e+00 -6.428425917647474508e-01
-6.925101915531052255e-01 9.518844941396599479e-02
-1.175519468894149933e+00 -9.473575380382671940e-02
4.937280693120223996e-01 5.378156442709290941e-01
2.242299859165039599e+00 -5.344731521028077692e-01
-1.618477708694684436e+00 -6.363076609850865095e-01
-4.769525203309777361e-01 4.795178272379865825e-01
-3.968807548352362713e-01 1.319296495224753230e-01
-5.118202174105740410e-01 1.613274574600257749e-01
-1.493388321142177511e-01 -1.761422535810801271e-01
-8.207182468525195951e-01 -4.482067440267296921e-02
-5.061579993979878900e-01 7.231840995972124153e-01
2.386553273275322962e+00 -1.169563622208626141e-01
-1.643594150346028016e-01 2.679975774360285889e-01
2.515394213205135454e+00 4.886656001138530159e-01
7.583448841766528004e-01 -3.457908288847117984e-01
-5.093195989769272458e-01 4.296617542055138905e-01
-7.659266451659132446e-01 -8.277673084045308882e-02
-8.163030512730768962e-01 -4.111945124159612636e-02
-9.807252579721641439e-01 -1.229803103093911748e-01
-1.608574450528104327e+00 -6.377436027081554437e-01
1.034087621605181972e+00 8.046500600580553941e-01
3.805022252388628790e+00 1.839645963501299608e-01
-7.449805061452279276e-01 1.208694237369201813e-01
-1.598059257957169965e+00 -6.392682730221802556e-01
-9.632576317042865766e-01 -8.581045412612838680e-03
-6.339828572893874137e-01 8.670216744538307430e-02
-1.610087033645881016e+00 -6.375242828467632128e-01
-1.306839919596269328e-01 1.349522815960563504e-01
-1.167471010861964142e+00 -9.590275525934628675e-02
-1.601885306160289790e+00 -6.387135078977211888e-01
2.450620541217611414e+00 4.321394748938995889e-01
1.412097041858128676e+00 -2.132045330721823451e-01
8.105685796647602581e-01 4.271887128287226165e-01
-7.204473124180094112e-01 3.426818518028249549e-01
-1.600171498848700358e+00 -6.389620046431979672e-01
-1.537377294537571437e+00 -6.480669695366257921e-01
4.936082129395774065e-01 -9.231806509016945994e-02
-1.174072411250753678e+00 -1.074975192331845547e-01
1.851720028289239872e-01 1.998090373352940652e-01
-3.233608534080846253e-01 4.716686325565518367e-01
-9.682504808368991300e-01 -5.132661557275392666e-02
2.614735811320176850e+00 -2.904006948419026179e-01
5.125964544283596602e-01 2.782034392205566808e-01
1.056397092270868199e-01 1.562002466371598786e+00
-1.183692541418487565e+00 -9.355068363338837900e-02
-1.740577348760908860e-01 1.569762719467670264e-01
-6.643181733055714133e-01 3.213306045506194031e-01
-9.536471901871819146e-01 1.697172196997851767e-01
-1.595092743915195843e+00 -6.396984083587823333e-01
-5.097402063388701832e-01 -1.283456142534618039e-01
4.225553435529104396e-02 3.644526064489853612e-01
-7.963308198362042400e-01 -8.299270170940602209e-02
1.955420480166313979e+00 -1.103185729613514188e-01
-1.090417483399299226e+00 -1.070752777900282476e-01
-1.151173505997560520e+00 -1.108177894828913240e-01
4.168104337483443111e-01 1.827802046156782045e-01
2.692705661650878768e-01 5.645060735547049457e-01
1.535796679952711186e+00 -5.305559297826653031e-01
-1.618499260910485793e+00 -6.363045359806310808e-01
-7.882543093380588173e-02 9.945772176086296046e-01
-7.673489441799373756e-01 1.948945867489705330e-01
1.091840706967686092e+00 -7.612992783300583932e-01
-9.338865309406600979e-01 6.736100322845406385e-02
-7.696884081826311785e-01 4.647714257684520400e-01
-1.165887736869726243e+00 -9.613232507831522000e-02
-7.648385106959028068e-01 2.718245097850396363e-01
6.783809218877294711e-01 2.714886427715358375e-01
1.933917255731676610e+00 2.574531959750921972e-01
1.187172046173518708e-02 1.327799552929194715e-01
-5.822053160234396119e-01 7.467626712354173968e-01
-8.882733513315299589e-01 9.142565168812216009e-03
-1.591124209427764669e+00 -6.402738335526011459e-01
-1.168773937807958685e+00 -9.571383489269581768e-02
-4.747109084217004393e-01 2.568430490445915981e-01
2.207706969181111867e-01 -9.924228478798700903e-02
-2.180439059385789746e-01 4.645331524396006939e-01
-1.172512950191619829e+00 -9.517168969215074326e-02
1.072572838622702474e+00 8.610307633942847483e-01
-9.591853560175428450e-01 1.830721831292795587e-01
-1.615220963077007132e+00 -6.367798790001258924e-01
-1.550871098951299154e-01 2.653316227753487744e-01
-3.457362732288097318e-01 -2.425407879461154437e-01
1.176780595308024147e+00 7.932480161268529173e-01
-3.187983979608099427e-01 3.463789483529384206e-01
2.332157297169660470e+00 -6.699884222527283661e-01
-9.692676342180808202e-01 1.845340822021116767e-01
1.600147348583411955e-01 2.069108901473777629e-01
-1.043448649924106464e+00 -7.424752455797040129e-02
-1.607344308773823949e+00 -6.379219694477221703e-01
2.201991697774297485e+00 -1.443580703422368883e+00
-1.615594369163576571e+00 -6.367257362755464056e-01
-1.107009549763311229e+00 -1.297733727381547852e-01
-4.243543267283436671e-01 1.689447077353858628e-01
5.430421180271846060e-01 -9.191261332780809035e-02
6.407539932617384304e-01 1.598324657512812053e+00
-1.612769080764259400e+00 -6.371353943319194579e-01
-1.614636395757317766e+00 -6.368646394486737750e-01
1.443106845048022890e+00 -5.431114329754593850e-01
-1.616860362727515765e+00 -6.365421711347595268e-01
-1.598657434451862924e+00 -6.391815392854603983e-01
-6.082986724098886633e-01 5.193250922596711616e-01
-4.795918628029976483e-01 6.175950205371495416e-01
-1.616540207605388080e+00 -6.365885926346318557e-01
1.292511550894037464e+00 -3.549732781226521694e-01
3.581341413041621902e+00 -8.326844809526051661e-01
-1.528094031214774773e-01 5.464301833242166673e-01
-8.749319021898749327e-01 2.488103712944995660e-01
-1.612315969660811810e+00 -6.372010940367721643e-01
1.371649458833468227e-01 3.854590351714137775e-02
1.627499037701879869e+00 1.561670796413277551e-01
-1.131259683067810107e+00 -1.262571786113144412e-01
-8.201683836517160708e-01 1.317714328095404563e-01
2.774300173744227216e+00 -3.814349139339830441e-01
-1.607382372185143904e+00 -6.379164503711195477e-01
1.568686171806678908e+00 -2.740270249013100345e-01
-2.724255739330360138e-01 6.014299968247298622e-01
-7.402764661414094061e-01 3.323443214568538862e-01
-4.146580248424699966e-01 2.877736555866322599e-01
1.247659842645663320e+00 -9.755468173417006228e-02
-1.373355412003731679e-01 5.889775383026786271e-01
1.798356937822179313e+00 6.408498606577088530e-02
1.582054860291163489e+00 3.233317655236225829e-01
1.151346776045903963e+00 1.523653662939092046e-01
-1.125699114416373936e+00 -1.270634438218419537e-01
2.222883478796077394e+00 -4.292120699202278122e-01
-5.132772322660354991e-01 7.242163662855606310e-01
7.643101765581199469e-01 1.315607200147962397e-01
7.625121431480748335e-02 7.085906738691161166e-02
-9.448691956863988217e-01 1.809963842772404630e-01
1.531692302135513772e+00 5.504412666944313859e-01
-8.205763088084141454e-01 9.691158559341292444e-02
-1.606641177304239054e+00 -6.380239213303243728e-01
-2.084652532110626844e-01 3.303809845193573236e-01
2.881197584276003809e+00 -1.383928527532730379e-01
-1.609148995359951817e+00 -6.376602954892637287e-01
-1.611313761660924548e+00 -6.373464110887995249e-01
-1.580694492465417378e+00 -6.417861101684499969e-01
-1.054636367614774306e+00 2.977248103606578919e-02
6.302192026408877101e-01 2.704617143931174056e-02
1.916436849757578331e+00 1.449095076450779840e-01
-1.190796064267918286e+00 -9.252069484902110397e-02
3.807462980463054147e-02 6.924213436810979783e-01
-1.596535999285817686e+00 -6.394891408057347126e-01
7.159712431599034588e-01 8.220650358293638549e-01
2.377688283362311417e+00 -8.717487256739665513e-01
1.268359840053463028e+00 1.045481367311372617e-01
-1.614424656558729465e+00 -6.368953409758425499e-01
-8.989211817854472208e-01 6.229113603231505730e-02
-8.279560449854059812e-01 2.036824284165243970e-01
2.593440438086045963e-01 8.818593693708649539e-01
2.643088134151325708e-01 1.860723597297605947e+00
-1.609745755326950523e+00 -6.375737671446667365e-01
-7.280234267045382346e-01 3.305676687365209365e-01
-5.409918274295391072e-01 3.437475048624849538e-01
1.873047129200951177e+00 7.559973749254008668e-01
1.273184936484443863e+00 3.169342135344230260e-01
-1.615879938496822543e+00 -6.366843296078074088e-01
-2.199346389917730404e-01 8.295321877272673339e-01
-3.731392060459980120e-02 -1.236798044763766785e-01
1.409305702485755152e+00 -1.579481241048397711e-01
-1.615832140917822901e+00 -6.366912601085367163e-01
-5.575524247616938656e-01 6.150256145285064591e-01
-1.015345059259598282e+00 2.407536317120385558e-02
-1.139885059763903641e+00 -9.990263262151778678e-02
2.494417581795423666e-01 6.577078177255234470e-01
-1.611766322048977740e+00 -6.372807912359709226e-01
4.461075273594927726e-01 1.682520228496182657e-01
-1.614918192971386945e+00 -6.368237797265176026e-01
-1.614346907900774841e+00 -6.369066142901388394e-01
7.415595323800580063e-01 1.983408235511303352e-01
-1.611138348702703782e+00 -6.373718454237667919e-01
-9.328753207314706142e-01 -2.855824650156109715e-02
-1.602848654779361892e+00 -6.385738253354050764e-01
-1.052975006617781650e+00 2.953158884356372679e-02
-2.039209647792699920e-01 3.876925228686762259e-01
-1.613341824475989172e+00 -6.370523482698594586e-01
1.925651741949512052e+00 1.145885012770056915e-01
1.489736600765136476e+00 2.307098680164387794e-01
-1.615574073874196381e+00 -6.367286790295684229e-01
-5.586652329515978677e-01 7.433494321903689750e-01
-1.187551563081250539e+00 -9.299113745953536958e-02
-9.769540508328572459e-01 5.748612484957103808e-02
-1.014670269128370217e+00 -4.010371126785917950e-02
-1.193768590021791587e+00 -9.208968783283651149e-02
-5.553409383325873527e-01 5.217768871155935295e-02
-7.620245115704051830e-01 7.917279275046217035e-02
-1.615918282699815300e+00 -6.366787698172829968e-01
-1.591445924630175091e+00 -6.402271858459255283e-01
-8.058495140474235541e-01 -8.282324785699148734e-03
-1.033219122128320899e+00 1.563153740649029155e-03
-1.123451512036975464e+00 -1.148373926382451476e-01
-9.527702359547159938e-01 1.570381174970593430e-01
-4.053504840229750772e-01 -1.061628686989551651e-01
1.908287998442924627e-01 -5.116576381227530557e-02
2.075185729272795321e+00 2.940665261953624987e-01
-1.611277158010776533e+00 -6.373517185045590727e-01
3.300750423079137796e+00 7.166137049133551873e-01
-8.988261293964652232e-01 5.937051466800453287e-02
3.120800276115246241e+00 -1.380798795513452415e+00
-6.370382953347217825e-01 3.953297845337963023e-01
2.229686987911978502e-01 -1.297377821650856355e-01
1.614029344594329618e-01 2.785936669630263707e-02
-1.162329872569607847e+00 -1.092001509270557474e-01
3.213666438482404297e-01 7.809968983618478799e-02
-8.328029645484162913e-01 3.067830379455579459e-01
-7.729563651239111932e-01 2.913671981866485239e-01
3.425085094554574994e+00 2.150498767686241097e-01
-1.616995362934038338e+00 -6.365225965234641015e-01
-1.690457373496452309e-01 4.886669606589520987e-01
-1.184721981471406282e+00 -9.340141801812114342e-02
-1.186825459246985570e+00 -9.309642026377652757e-02
9.124583520675840775e-01 -7.443407934414056348e-02
1.571936672478845054e+00 -1.101990606010720963e+00
3.522139566300412916e-01 3.698352008302196459e-01
-6.292450942427358918e-01 3.301185625803934043e-01
7.450800175629415101e-01 3.739602105632631179e-01
-9.699366673710767550e-01 1.846310899345511847e-01
7.648767871849296851e-01 -9.434419082172974813e-02
-1.581288809823137909e+00 -6.416999359946234938e-01
-2.571769485406134037e-01 8.349322071193792105e-01
-5.711892563294941327e-01 -4.230733444771014179e-02
8.303420099497124118e-01 2.776029810664520925e-01
-4.226506210854864484e-03 -1.158788689189063914e-01
-9.839964658380374596e-01 -4.455131762214332991e-02
-9.189834854878894399e-01 -1.630763962851400628e-01
-6.657468894773479473e-01 2.458957098211556058e-01
-7.138814836896293370e-01 2.828015235763373658e-01
-1.615107172735335661e+00 -6.367963782467919165e-01
-5.812141776655131986e-01 1.996162466100273314e-01
-1.614384298862468370e+00 -6.369011927166469134e-01
-9.449251173006149029e-01 1.684525461793336121e-01
1.190822543216402352e+00 2.761666785690480297e-01
-1.592137907053914114e+00 -6.401268505403964193e-01
-1.185578942067902819e+00 -9.327716138915760624e-02
-1.615647767246631616e+00 -6.367179937190966532e-01
3.685609421569607136e+00 -1.099008285187588418e+00
2.295668561648806172e+00 7.062633763647457874e-01
2.401745146567509703e+00 -8.531633266781470937e-01
-1.608580397424079766e+00 -6.377427404266809985e-01
-1.166562738853110570e+00 -9.603445188397936871e-02
1.345341809487031082e+00 6.532246973742382723e-01
3.541981098515534221e+00 -9.922730127623974328e-01
-1.569477379250795002e+00 -6.434125567990770511e-01
2.408465978828303322e-01 -4.809520004819046318e-02
3.844073153540274457e-01 5.072489232356205413e-01
2.319401885952677933e+00 1.413095084027174431e-01
5.459742422888765878e-01 5.424112995023904205e-01
-1.613251430892716165e+00 -6.370654550591136056e-01
1.180641431203393488e+00 1.548389432816609512e-01
2.024857412752576025e+00 5.989100014321697696e-01
-3.165148616802877513e-01 8.251703958273816086e-01
-1.619480286644222167e+00 -6.361622902915072819e-01
7.821268783349520914e-01 7.111252104356997616e-01
-9.257356870599036114e-01 1.656701383029495211e-01
-9.446640592708951401e-01 -3.638094887185398113e-02
-5.576933231554099812e-01 7.306565617253709677e-01
-1.005962902801403214e+00 2.271497957985747426e-02
-1.610275289056363190e+00 -6.374969863960439076e-01
-8.201627706772179893e-01 3.049502490328559468e-01
2.285144778126108403e-02 -4.699298071341029975e-02
-1.618631712965344915e+00 -6.362853308434247568e-01
-6.768636087394658274e-02 7.137793555035252258e-01
-8.388347649342454693e-01 2.435763983335984262e-01
-3.660766671507374448e-01 5.055845729588833715e-01
-1.614840617611463580e+00 -6.368350279131368419e-01
3.712582873251315529e+00 9.230794410584720611e-01
-1.183676338075555501e+00 -9.355303306786512396e-02
-1.610937193029309711e+00 -6.374010123726031596e-01
1.920408534038076986e+00 8.076764362328011648e-01
-1.614798291094371008e+00 -6.368411651268560680e-01
3.423841741860404048e-02 -2.521751191654769131e-01
-7.768866692609986968e-01 9.387970608497338276e-02
1.767260491785812571e+00 -3.766732315984180901e-01
-1.189473702993663284e+00 -9.271243313300132904e-02
1.969063057260251215e+00 -1.162281797226055180e-01
4.989007790707928464e-02 3.148867430616318352e-01
-4.506180185560182405e-01 5.053626103713346196e-02
-2.097983182506586997e-01 1.296433287749770846e-01
-1.610214505928728501e+00 -6.375057997610557026e-01
2.905429496596490316e-02 3.816192628135494647e-01
1.341610141007347989e+00 8.806295567138340274e-01
1.240450219764980488e+00 1.100194037674276260e+00
-1.614706920057532802e+00 -6.368544136438459846e-01
-1.127628924544902045e+00 -1.016797342206590821e-01
3.271042537045004001e-02 -1.973579690220380600e-01
-9.832993203021647144e-01 -5.675062717385766925e-03
-3.539759581616704898e-01 8.557060317633288227e-01
-1.608971563597086263e+00 -6.376860225446440156e-01
2.481574267663492428e+00 -7.296897878725825404e-01
1.258036897996115622e+00 9.346278695889465374e-03
-9.810811941723414087e-01 -8.262986264874082332e-02
-1.615366017943882682e+00 -6.367588464942598447e-01
3.905723759345881840e-02 1.406348428863007094e-01
1.505454280448463578e-02 6.736583742834285626e-01
-4.533553766128847751e-01 1.227526432338940515e-01
1.950923655999960094e+00 6.915211728898216226e-01
-6.409472511241915971e-01 1.140917922537348396e-02
-8.338176688713186957e-01 3.069301669256696563e-01
-3.432380296486180482e-01 1.021288868199225597e+00
-9.067551998184327777e-01 6.118095487522003800e-02
-8.334741309411982657e-01 2.817764618740524751e-01
1.792980895311550027e+00 -3.427859145346804914e-01
1.199689488988231745e-01 6.341160418141558175e-01
-2.053246543492389664e-01 -1.634007662507988290e-01
-1.616397321792726105e+00 -6.366093106343634345e-01
-1.137156537354190755e+00 -1.128502064680292766e-01
1.371115877714886633e+00 -7.408838112937997655e-01
2.982722725450478674e+00 -1.600245110673268245e+00
-6.458646445491733612e-01 4.436125643495888310e-02
-9.415025945144879227e-01 1.805082375475113021e-01
1.391085523808873181e-01 1.473624847269122962e-01
-1.609309245276683953e+00 -6.376370597482899916e-01
-7.105682120242954314e-01 3.280367167384128924e-01
-1.599737485231089051e+00 -6.390249352718281317e-01
-6.443500858278889964e-01 4.049867840587908357e-02
3.277058139205951126e-01 1.092088478174085164e+00
3.839277221696553610e+00 -1.624268565829598776e+00
-8.736305092469300870e-01 5.571722788069189553e-02
-5.587484725788012252e-01 8.999723549329996519e-02
-9.716355414612884989e-01 -4.634361332419530133e-02
-1.966065838467457028e-01 4.497220679013723132e-01
2.719095574892548939e+00 -4.328850216720757649e-01
-9.162634544161625261e-01 1.642966939440350382e-01
2.329192631676461733e+00 -7.522046431283767598e-01
-1.615769218686098796e+00 -6.367003836370080938e-01
-6.092576918785089779e-01 4.531368256682317130e-01
-8.500809393644538359e-01 1.295965413836465963e-01
-3.916201186883863095e-01 3.993829984191263338e-01
-1.616865336415423959e+00 -6.365414499654366010e-01
-2.538425536292980844e-01 3.483565697374979564e-01
3.326460528667637973e-01 9.225115000333351523e-01
-1.613961630796793445e+00 -6.369624782754298442e-01
-1.612677803843906021e+00 -6.371486292023108566e-01
-1.111928096275697886e+00 -1.039563056297103799e-01
-1.578693976538775523e+00 -6.420761787739946991e-01
-3.183716345713024642e-01 4.986674911733819937e-01
-1.610510030588829133e+00 -6.374629496017955033e-01
-9.840000891683470252e-01 5.850777855768261870e-02
-8.318079171179618703e-01 3.066387591538928259e-01
-1.618109931457188733e+00 -6.363609875440060515e-01
-5.890887884163879817e-02 9.298542368337682218e-01
-3.558030736674464012e-01 6.511753153991337584e-01
1.816550512822677099e+00 5.689156072679049103e-01
4.423942941991493849e-01 4.383273478120188194e-01
-1.615838879276431328e+00 -6.366902830674349145e-01
-1.586979684731876894e+00 -6.408747767808810059e-01
4.902536253537763677e-01 7.147989629340711915e-01
-8.290382840504498807e-01 4.472162302525488353e-02
-1.614873124046829478e+00 -6.368303145808148491e-01
1.903946494996926544e-02 9.656236096620049447e-02
-1.616410623515731837e+00 -6.366073819257777044e-01
-7.449916138592413972e-01 -1.464581917271292610e-01
-1.617643016072355167e+00 -6.364286888268512188e-01
8.715047024776668982e-02 5.864971790883987124e-01
-1.618136324535103254e+00 -6.363571606295562733e-01
2.283725705288079944e+00 -1.083579440229051283e+00
-7.076385155186054599e-01 -5.159018159058420538e-02
7.932131828467784418e-01 1.295828156936451814e+00
2.404993944855967625e-01 1.850396196940474747e-01
1.069844569457226946e+00 6.389080429863182031e-01
-2.109675467270057114e-01 7.505988352640947658e-01
-1.122348328890913516e+00 -1.275492973318818335e-01
-3.524217742108627927e-01 3.725594346772473919e-01
-7.286647918665820622e-01 3.438733608395667107e-01
3.378054579027323978e+00 -3.798751664501524156e-02
1.316658990933740336e-01 7.767020194409007816e-01
-1.614651555950452622e+00 -6.368624412676825441e-01
-1.988550050823240101e-01 6.033144390502952481e-01
8.986762473462421852e-01 5.444440332159891094e-01
-1.607898211439109604e+00 -6.378416552789684113e-01
-1.612021758793596327e+00 -6.372437537001384156e-01
-3.763938560473317763e-01 8.589565574363998701e-01
-1.023125543790302849e+00 -1.921440797049733529e-01
-7.250218972108319893e-01 2.660512243053715364e-01
-3.414073510309974524e-01 3.057486337433402701e-01
-6.538861083024344323e-01 5.259351290924725308e-01
-4.291437659525642045e-01 7.477254359846585707e-02
-6.727476216575383194e-01 -1.306402572268945683e-01
-2.165464399093890938e-03 4.254539333536205281e-01
-5.673813966022386301e-01 4.103336433483356638e-01
5.402846267391633178e-02 3.783679220666565368e-01
-3.009782004793196131e-01 1.583229145605844768e-01
-2.332482182875367793e-01 5.987523915799751739e-01
-1.563443318716498220e+00 -6.442874768642693484e-01
6.019375183250971206e-01 6.599581807441174952e-01
-1.115047202929044801e+00 -1.286079379547637458e-01
-1.612073039104413352e+00 -6.372363182140957649e-01
-1.610850705789252935e+00 -6.374135527542049706e-01
-1.441329365942737029e-01 1.127716888373490489e+00
-1.004286342863083270e-01 7.165446348561214096e-01
-1.612039604564294404e+00 -6.372411661187290521e-01
-6.383272241661813728e-01 1.163339437273516186e-01
4.863057266244751320e-01 2.129608633171389265e-01
6.710074003268130527e-01 1.038724760939920833e+00
9.353892202527457345e-01 -2.864889294415854382e-01
-7.143626109515192057e-01 1.363431969281160283e-01
-7.086863251977956191e-01 4.559263129097728684e-01
5.288708394814294056e-02 5.073568085337459843e-01
-4.131380702239964564e-01 5.483703736864951050e-01
-1.608399932377666985e+00 -6.377689072987690055e-01
-1.581093720435601702e+00 -6.417282233508226907e-01
-1.607375860817301438e+00 -6.379173944992641010e-01
-1.613587440922148009e+00 -6.370167346468497138e-01
-1.608830549929555431e+00 -6.377064690891370846e-01
-3.886030659148697053e-01 1.996751184983574234e-01
-1.612544936350164049e+00 -6.371678945768669555e-01
3.420939378414402654e+00 -2.301270739062608595e+00
-1.588833422514839722e+00 -6.406059905509947638e-01
-1.608408365163520592e+00 -6.377676845709711051e-01
-6.563291303205327498e-01 3.340456638211197204e-01
-1.148336796437227525e+00 -9.867715701364433711e-02
-1.606763410828027094e+00 -6.380061978484347085e-01
-1.611278538340674249e+00 -6.373515183610044543e-01
-1.583262172132728907e+00 -6.414138045793448262e-01
-1.618329991214765728e+00 -6.363290795615866857e-01
-6.900203818664668587e-01 4.406678624533100219e-01
-6.505460117509886953e-01 -2.551561951113707691e-02
-1.560972762215232512e+00 -6.446456998954873674e-01
-1.606802238781585013e+00 -6.380005679155785758e-01
2.950362955855179159e-01 2.884254607387388147e-01
5.611127675783646185e-02 2.715095337027564892e-01
1.153168625691718546e-01 -7.710490425854993335e-02
-7.518099941965022959e-01 2.699354152954789865e-01
-1.055526982717138074e+00 2.990161746401382922e-02
1.557887862797658340e-01 7.953051788930967092e-01
1.947222867345436703e-01 4.842220533713999242e-02
-1.589257119677267349e+00 -6.405445557763739250e-01
-1.002388445503337583e-01 -1.368290879445418218e-01
-5.843684801749261526e-01 5.548326274412760384e-01
-3.678769400634133158e-01 5.962060831078355161e-01
-2.474460553981960853e-01 2.615469549900882873e-01
2.062562049989826243e-02 2.528467781777005152e-01
-2.236240044384174563e-01 3.439749738158418002e-01
-1.615743363465168114e+00 -6.367041325638630456e-01
-4.347148297385469706e-01 7.650150965386929292e-01
9.272149716968396405e-01 -1.788264185856614646e-02
5.173911986855308509e-01 1.546121870598921866e-01
-6.582942460634166881e-01 1.559603493503370353e-01
-1.187331810073301241e+00 -9.302300096420997033e-02
-1.566764529475514589e+00 -6.438059116036493057e-01
-8.711351633654856874e-01 1.075454454552499522e-01
-4.823023454210276229e-01 2.473740860639002670e-01
2.143280867121537259e-01 -1.076770872699217146e-01
-1.185220920069695705e+00 -9.332907346863229814e-02
-7.389176349028724333e-01 2.680660631785171666e-01
-1.615867631551473504e+00 -6.366861140767178240e-01
1.025633880066333936e-01 6.402073828145979917e-01
1.521987830041346745e+00 2.602499383737562066e-01
2.723289904699655595e-01 2.377109415056300745e-01
-2.530214675201655217e-01 7.120562725217873812e-01
-1.610680828055697011e+00 -6.374381844987612178e-01
-3.867554160646078376e-01 -6.178218908738321302e-02
-1.103852344365922722e+00 -1.427831042884865065e-01
3.259265223203753892e-01 3.133884073960533923e-01
2.979722154885233176e-01 5.790628559710280232e-01
-7.940054978668931174e-01 3.011575255919187177e-01
5.247740779504025177e+00 -1.977529702407981871e+00
-1.597445427434439624e+00 -6.393572765444205386e-01
3.610630102130171881e+00 6.782074846067263074e-01
-1.171507606102945465e+00 -9.531746146732673897e-02
-1.617070601346362713e+00 -6.365116871869994641e-01
8.200731117261921277e-01 -3.681077480241358724e-01
9.596602479690330423e-01 -5.499545555392141294e-01
-5.421895244313430506e-01 2.970163637189522365e-01
-2.709411238589303772e-01 5.034414757140756036e-01
1.874487824637160460e-01 -1.235830158442148205e-02
2.239027926406685687e+00 1.926513704837909291e+00
-4.088752468273472163e-01 5.579827515305925134e-01
-1.892871597442687681e-01 8.846774512847276339e-01
-1.022467876298604139e+00 6.408548839876053449e-02
-1.617321764801003647e+00 -6.364752692649618959e-01
-1.130458366028449513e-01 3.589313580093221878e-01
-1.614550078010479339e+00 -6.368771552542845660e-01
-1.142441279302276236e+00 -1.120839352741188483e-01
-1.139514062488601542e+00 -9.995642607593348272e-02
2.150302625028209236e-01 4.957379240218119931e-01
-1.612672341039340651e+00 -6.371494212920322253e-01
-3.563922311943838461e-01 5.482021706053300525e-01
-3.765696118147786042e-01 -7.036100937677099154e-02
-1.601834241458898633e+00 -6.387209121210656315e-01
-1.072041061445365484e+00 -7.010171355557887063e-02
-5.942636861202296172e-01 1.451746218090427809e-01
-2.574905034956722072e-01 1.247427338269092578e-01
-8.425767538555988256e-01 1.006743415839346512e-03
-1.513867851230580319e-01 5.094926587583373800e-01
-3.516793486648257527e-01 -1.984806093055063725e-02
-1.618484659214878052e+00 -6.363066531812128224e-01
-1.021236032396429350e+00 2.492953600749326856e-02
-9.717814800253351537e-01 1.102051084445575778e-02
2.179857910630602191e+00 6.321884072357801809e-01
1.449462309246870584e-01 4.583343970432509074e-01
-7.120439856324557448e-01 2.927655660734596599e-01
-1.616725528164255188e+00 -6.365617217282956153e-01
-1.154959442750894683e+00 -9.771689383571209586e-02
-2.494866948357999173e-02 9.522616237703217593e-03
-1.617503864382391798e+00 -6.364488653903713766e-01
-1.604615404700629799e+00 -6.383176520757055661e-01
-6.444976184088310189e-01 4.862572379120415622e-01
-1.162077506839639618e+00 -9.668479661673830272e-02
3.214960538164365333e-01 -2.893346421119702416e-01
-3.714923799574948449e-01 1.555230134284704413e-01
4.400955707671937667e+00 -1.702878997568390285e-01
3.894416739823464702e-01 1.594235640235583673e-01
-5.356368311705238527e-01 8.046014375425203369e-02
1.211136140296852570e+00 -2.053270152506670443e-01
1.711754714303746483e-01 -3.877191053670200893e-01
-1.608127905503483834e+00 -6.378083503519403896e-01
1.992275948623848103e-01 4.980292618238771896e-01
-3.105436206812955402e-01 3.454414474722183881e-01
-1.613435587425622098e+00 -6.370387529329316623e-01
3.679256590270961746e-01 1.361721102074680889e+00
4.345086338509863033e+00 -2.609930584813747734e-01
2.581589702841342149e+00 2.442188331001992618e-01
-4.259851484403934796e-01 6.739034451574809070e-01
-1.192678151974255307e+00 -9.224779796816175159e-02
-1.618542951376569672e+00 -6.362982009985377330e-01
-7.048556959701303137e-01 1.085393314508111828e-01
-1.615154702459052238e+00 -6.367894865842479435e-01
2.770258074468739395e-01 1.386056362988420831e+00
-8.532170701537462598e-01 1.426032171811592864e-01
-3.026196151041962157e-01 3.012921084861674981e-01
-1.615362682718058496e+00 -6.367593300916615240e-01
-8.692416437703333054e-01 1.323747841030620265e-01
-3.496571074811744007e-01 2.757842712457179157e-01
-9.713772653808357971e-01 -1.113115017617107433e-01
-1.609589182199204105e+00 -6.375964697626396172e-01
-7.479188846513272482e-02 9.939923664591278074e-01
-6.536704635168576472e-01 2.441446655072001537e-01
2.908546373995517076e+00 1.405971699611546999e+00
-3.432827055310759823e-01 7.693118310411979355e-01
-3.569139399344435359e-01 1.023271832780178858e+00
1.441408276476183747e+00 2.633063291154085217e-01
-1.595425739102855678e+00 -6.396501250892262513e-01
-1.598386871367460271e+00 -6.392207700936530790e-01
3.828318375769152460e-01 -9.918902089527437127e-02
4.884988722439469883e-02 6.717780678038006714e-01
-1.593688125807481759e+00 -6.399020736285269129e-01
-8.793865885217277967e-01 -1.469223017512536755e-01
6.482277786487863347e-01 -1.889125208688209878e-01
-1.604071894710044077e+00 -6.383964593388568032e-01
-8.574154877421364951e-01 4.883622955974122049e-02
-3.493557085513449012e-01 7.568569659029711350e-02
1.195297934157949077e-01 4.797964691113016378e-01
2.038134541389450050e+00 -3.792908709308323578e-01
-7.301667121068734778e-02 2.688066043192269272e-01
-8.420358926959550794e-02 1.068984029013110987e-01
-8.718453105263257452e-01 4.589843783160144942e-03
-1.608307001618912713e+00 -6.377823819705997765e-01
-1.613429407572064767e+00 -6.370396489925330696e-01
-4.223190997133863256e-01 1.408087507149727302e-01
-1.138332755712887279e+00 -1.126796584535998819e-01
-1.609630816109298923e+00 -6.375904329747871246e-01
-9.204335714615726749e-01 1.163499094126698059e-02
-3.320820040976849019e-01 4.726685664532749853e-01
-4.434521396090558842e-01 3.972533732199919343e-01
1.359774989270545298e+00 2.384549890382289816e-01
-1.005945782176859815e+00 -1.193234125113104699e-01
2.820157320447901905e-01 4.562438953709855860e-01
-1.016156968221421097e+00 -3.988814450978307724e-02
2.452997211569655001e+00 -1.283914051352671726e-01
-8.847753210350832731e-01 1.597310122519192965e-01
3.279345706036593255e-01 -9.888309717349939854e-02
2.973999571015994547e+00 -1.632188300927596369e+00
-1.609564177377260430e+00 -6.376000953842787533e-01
6.002022140382657689e+00 -2.224977733002995617e+00
-1.073314475718315286e+00 -1.095551608654761339e-01
7.892002935416441156e-01 8.405744980575478031e-01
-1.598668905698510612e+00 -6.391798759902701521e-01
-2.642001255106846136e-01 3.191388861363448903e-01
-1.682803891856628764e-01 5.988812145605025838e-01
-5.903464474563251407e-01 2.214198086171484114e-01
-7.012919722003131406e-01 5.913631549137473437e-02
-9.598985861409556897e-01 1.831755992853698889e-01
4.649165229234924479e-01 8.083531735345513836e-01
1.218220689240145704e+00 1.313875707041981311e+00
-1.605170811276852572e+00 -6.382371198445299099e-01
-1.615819415428550565e+00 -6.366931052650181000e-01
1.802959670934474623e+00 8.351242039380059046e-01
2.424198164672276778e+00 -8.785488713501184987e-01
-1.000348762310134143e+00 -4.218028534394670237e-02
-4.933291572409837650e-02 3.933550013994451255e-01
-1.613421856975530977e+00 -6.370407438056152616e-01
-1.616279299964431093e+00 -6.366264234334676475e-01
-1.577090151641445503e+00 -6.423087284104712635e-01
1.927044198701620470e+00 7.165504245691242113e-01
-6.253817298016471904e-01 5.858833145676823895e-01
-1.595046685448351154e+00 -6.397050866936425662e-01
1.551225092106829351e-01 1.708051533496628971e-01
5.211097584427261120e-01 3.203398939617350385e-04
9.859978802004339959e-01 2.346300015605238543e-01
-1.570456844483479220e+00 -6.432705373777664049e-01
-1.189323520888178887e-01 1.029064078564880802e+00
-1.597798893843908719e+00 -6.393060250111856080e-01
-1.608372890042889969e+00 -6.377728283534503939e-01
9.168880977789576336e-01 -1.764836053245217862e-01
1.780156900761691585e-01 1.603698208583330898e+00
-6.877957295851295783e-01 1.553488851561559692e-01
-1.962952535139370625e-01 7.575311392231995899e-01
-5.889727865936819073e-01 5.672382762091162517e-02
-7.427869571433795004e-01 2.251575851032003306e-01
-7.149975000914156054e-01 2.211282000088070632e-01
4.389143207682066339e-01 4.475147588239123952e-01
5.965669469003528347e-01 1.348278045754614518e-01
-1.610890685364221531e+00 -6.374077558398155707e-01
-1.600525994777629135e+00 -6.389106038328339343e-01
-8.614599316043709543e-01 2.468569773376536602e-01
-1.189767913234730967e+00 -9.266977356042462033e-02
-2.122121833049271100e-01 7.644635265922343770e-01
-6.738609262217314100e-02 -2.137897893650721193e-01
-4.033135295680611576e-01 3.142356219000437267e-01
4.779280850995101804e-01 2.274302810238914771e-02
-1.615755099897356883e+00 -6.367024308175918135e-01
-4.003161091141974604e-01 3.805421593595901264e-01
1.015109912280478532e+00 5.616322269960785096e-01
-1.613457015900512381e+00 -6.370356458705247471e-01
-3.229066056592509448e-01 3.207143325478704621e-01
-1.605474476353004443e+00 -6.381930893501862601e-01
-4.962770011281676386e-01 4.647657080546681585e-01
2.604409776434236434e+00 -7.397400716865666637e-02
2.864309560856715398e-01 4.186158423569668052e-01
1.494560356681030600e+00 -4.104777611258447756e-01
-1.163718190619406290e+00 -1.089988491151608202e-01
-9.041963608735692493e-02 -1.046545816071679236e-01
1.894009992410111143e-01 3.318544795107966072e-01
8.362022352879464604e-01 8.179823898017082318e-01
1.021811776707038266e+00 1.415917975184289024e-01
6.642344617762026004e-01 4.008233648619576317e-01
-1.599380038395482151e+00 -6.390767639545092971e-01
7.716948562360367525e+00 -2.902149489510316371e+00
-6.426019193239324023e-01 3.198336890301162749e-01
2.989513234371915296e+00 1.290712161463354990e+00
-1.609455385512894576e+00 -6.376158698672363956e-01
1.038124550887554287e+00 -3.041990293913066634e-01
-2.591791757953654241e-01 1.258367933177667042e-01
-1.480152668151558104e-01 5.717635318518838883e-01
-1.610073718550830479e+00 -6.375262134942539793e-01
-1.611503268812797707e+00 -6.373189331394603085e-01
-3.149481287707180388e-01 3.195603780791392845e-01
3.427118568054708936e-01 1.804203740287732838e-01
-1.604623216965026966e+00 -6.383165193215948330e-01
-1.613473654377875599e+00 -6.370332333429048477e-01
-9.356256152073552101e-01 1.671041472145826379e-01
-6.595576467868263792e-01 2.749247356895824224e-01
2.332942404542723003e-01 1.372961837420419995e-01
-3.420966641334317604e-01 6.240840354046762739e-01
-6.857856611320422013e-01 4.275018945206007781e-01
-1.616353604776714636e+00 -6.366156494661138199e-01
-1.615562590760951212e+00 -6.367303440453787600e-01
1.063901184553170509e+00 1.117662456028740287e-02
-1.597819296302960712e+00 -6.393030667178932758e-01
-1.181184297503041991e+00 -9.391437122278963046e-02
-6.961580054454731270e-01 4.290058522802757124e-01
-3.296391644323102277e-01 3.698219296319134597e-01
6.728554647436193470e-01 2.436857925966417759e-01
-1.216843862314134217e-01 -1.889294995529850474e-01
-5.585204196823064793e-01 6.419952582848351130e-02
-2.254181694991316542e-01 3.884969273405740053e-01
1.547328269736152118e+00 -1.650481020382082442e-01
9.775367362183817743e-02 3.182582129585579955e-01
-1.598105627907219883e+00 -6.392615495232213396e-01
4.466923843811230754e-01 5.179164314918660583e-02
-1.584071417353149824e+00 -6.412964665319417223e-01
-1.618907797357402423e+00 -6.362452994627442182e-01
-2.903538736881833282e-01 7.962732405795089896e-01
-1.600172388047759187e+00 -6.389618757120919534e-01
-4.576798209950189711e-01 1.499940539484792557e-01
2.390793704022405652e+00 -4.641251627433221061e-01
-7.431031088143564833e-01 7.642924802817165075e-02
1.039326377955651859e+00 -4.400109111207192725e-01
-1.613016807991638046e+00 -6.370994746521786434e-01
1.000028941731102128e+00 -2.915261802931471968e-01
-9.238097840891992263e-01 1.528389417860839261e-01
-1.607999558396521200e+00 -6.378269602844316433e-01
-1.596242454820499423e+00 -6.395317038428925960e-01
-1.018523976941034526e-01 5.119554336885575596e-01
-6.616764081685890808e-01 1.293646104952041187e-01
-1.568105937602732869e+00 -6.436114115850556372e-01
-1.614942822367571695e+00 -6.368202085404491841e-01
-1.610546331129290687e+00 -6.374576861360005120e-01
-2.218051554567584405e-01 3.722381193742433925e-01
-1.612142292443942582e+00 -6.372262766946262813e-01
-1.609634799950267814e+00 -6.375898553302009608e-01
-8.991564827590454723e-01 1.743681826628897535e-01
1.987025726079524879e-01 -2.577491466710685186e-02
-3.716273966252340299e-01 6.534697931550593752e-01
-9.169819681366834230e-01 -5.876039092502777922e-02
9.986188194175193988e-01 8.790220229358273185e-01
-1.603624055105137058e+00 -6.384613946927687467e-01
-5.423421404474410012e-01 7.284306878384096962e-01
4.750029257322718301e+00 -2.850515457067562153e+00
-1.607825883007421242e+00 -6.378521426772648661e-01
-1.603278615369718496e+00 -6.385114823831580244e-01
-4.005364477810550161e-01 6.074537296883314452e-01
6.684494050805581122e-02 3.117670612348783510e-01
6.924523583821138306e-01 1.029129340209479215e+00
-9.797003408379404421e-01 5.788432838376282585e-02
-6.780989776542413194e-01 2.736576216438741174e-02
4.251655672149864396e-01 7.454151978471069695e-01
-7.862827300280943454e-01 -1.080520417731645477e-01
-1.614731277432490231e+00 -6.368508819000121557e-01
-9.130284148938688782e-01 4.821710587879672605e-02
2.829235753420121235e-01 4.598130048604073816e-02
-1.612148318487702570e+00 -6.372254029369684991e-01
-1.599265849649902149e+00 -6.390933209685066840e-01
-1.074655501376140299e+00 -3.140603861268932706e-02
-9.994215258717495942e-01 2.176650021058202863e-02
4.419760941590861192e-01 -2.447225604050449338e-02
-1.179390871433183330e+00 -9.417441244130898836e-02
-3.379654170330985141e-01 2.277668250597509880e-01
-7.894188438978080313e-01 2.319190640720185104e-01
-9.740423043171119177e-01 1.852263945596977213e-01
-4.428544053026310379e-01 5.092096323182970785e-01
-1.175825354054888860e+00 -9.469140140410288453e-02
-1.607230809109462699e+00 -6.379384265470796622e-01
-1.703552509556076622e-01 3.557669289371541768e-03
2.020921965965328582e+00 -8.048394472334240435e-01
5.398771117208519543e-01 5.832879267211368290e-01
-1.126621769237637904e+00 -1.143777151754628990e-01
-2.561535615017904513e-02 8.107069117993899454e-02
1.079455338814005350e+00 9.555750080706980620e-01
-1.611368096645076964e+00 -6.373385326845960597e-01
-1.014748013212574129e+00 2.398879334589039056e-02
-9.610799085962951072e-01 1.620708460718396290e-02
-1.154129488173356588e+00 -1.103891812342245177e-01
1.144338967121739881e+00 4.087875001631295357e-01
-9.505598529827894438e-01 1.692695653793181432e-01
-6.911932655531977110e-01 3.384401057274217250e-01
-5.844054726719016823e-01 4.002501350263681923e-01
-1.186588988655420396e+00 -9.313070776623234848e-02
4.041436605325535725e-01 4.868377169554328754e-01
-3.309072581235212862e-01 -6.318721648049685502e-02
-3.937455442871521938e-01 4.232851148277663178e-01
5.594082021017233730e-01 -1.811346831643174393e-01
3.878303281862541252e-01 -2.813940654988828505e-01
4.430144347732535848e-01 -2.356054828554738356e-01
7.775874325535896137e-02 1.064102220542680471e-01
-2.361253136471761771e-01 8.318797853432503553e-01
-1.591462880770657895e+00 -6.402247272581383930e-01
6.261764080023247692e-01 9.393358541791372307e-01
-1.073017679323463147e+00 -1.347020885394299705e-01
-1.607001209232266081e+00 -6.379717178172589209e-01
-1.612673434302373199e+00 -6.371492627722826763e-01
-2.344496737500493255e-01 1.449560251385381693e-01
-1.615345313525847315e+00 -6.367618485706684206e-01
-1.586928966469711044e+00 -6.408821307716122684e-01
2.721734687668967423e-01 1.177321274645931615e-01
5.280452092397522890e-01 4.824055266268967856e-01
-8.657111385177835849e-01 -3.395543181098855529e-02
-1.609133570924466516e+00 -6.376625319845762307e-01
-6.590176498286874907e-01 3.985167227750426866e-01
5.454560277309777362e-03 4.539843981992857103e-01
-1.613992357948796696e+00 -6.369580229336776478e-01
-9.242441344733238751e-01 -5.770739932698588232e-02
-5.120852602239542861e-01 7.365954805944435746e-01
-1.609988506395189756e+00 -6.375385689925697763e-01
-1.614797901770785860e+00 -6.368412215775686169e-01
2.208774886008279537e-01 2.437863481777039210e-01
-9.827275847214049787e-01 -5.757962603581464472e-03
-4.272034811208018645e-01 -6.266698505032249067e-02
-1.569011341994211328e+00 -6.434801307560492623e-01
-7.571135104050156217e-01 3.429275389324563938e-02
-3.886648470529614069e-02 5.814380989073889561e-01
4.680700476980010488e-02 2.507971744023594352e-01
-2.232819077073227021e-01 6.254141904001437879e-01
-1.618232422705183637e+00 -6.363432266929055503e-01
-3.225367104872786661e-01 5.743430992889315689e-01
-1.612260553002464958e+00 -6.372091292803795382e-01
-8.614252536639022129e-01 1.437933783356581119e-01
-5.993113564341373545e-01 2.478235857348678739e-01
1.205877962627340816e+00 2.002892043697773461e-01
1.017642932363364672e+00 -3.290851237690084474e-02
-2.846275944074344588e-01 6.283031450708178589e-01
-1.616827638984711157e+00 -6.365469159759861162e-01
-1.604589403564874450e+00 -6.383214221597578453e-01
-1.605551826701920426e+00 -6.381818737894654481e-01
-4.606119823254656853e-01 -1.606002151859829002e-02
1.355601136120662131e+00 -7.413459414450818130e-01
2.276930426663704154e-01 1.133779064135280457e-01
1.387171076114012136e+00 3.602953396224937155e-01
1.771033801525327744e+00 -3.336659782032393440e-01
1.456985593175500748e-01 6.853544405332073763e-02
6.723901084248711246e-01 7.785410505537193604e-02
-1.727661614766502762e-01 5.744277445147276673e-01
1.376316919801883421e+00 6.045204677470550347e-01
1.729514047775115193e+00 1.561110604939618673e-01
-2.531979451470319220e-01 1.916930573998826826e-01
9.303922443196711578e-01 9.596159532902338585e-01
1.927153836862416647e-01 1.952634390874245229e-01
-1.613140036221737184e+00 -6.370816069409585003e-01
-1.766060883234804035e-01 5.221337374255148323e-01
9.662044347990209614e-01 2.632824285189876434e-01
4.840340495539376120e-02 6.025709543133316304e-01
-1.610718412424560153e+00 -6.374327348818292771e-01
1.325335700375339654e+00 2.743215832024968881e-01
-1.049858946651069935e+00 2.907976981163285998e-02
3.065021362422630791e-01 5.322371373811096706e-02
3.836971521160070786e-01 7.401582693290614801e-01
2.831198930866568597e-01 1.346918206499285731e-01
-3.633667629946160660e-01 1.764288036261718873e-01
1.315592495767201608e+00 8.599089905057631933e-01
-1.610620530787400417e+00 -6.374469274156758791e-01
-1.605619854741279440e+00 -6.381720099347206743e-01
2.750716609819740199e+00 -1.235943757919949482e+00
-7.077290328511964823e-01 3.276250445629184660e-01
-6.671454879368173829e-01 3.349532525478314260e-01
-1.602844782460313366e+00 -6.385743868096586118e-01
2.248695737628257252e+00 8.301079062157811217e-01
-5.725099364914956962e-04 2.599716104620109491e-01
1.913890901315556059e+00 4.120538215344333732e-01
